      0/19     2.51G   0.07594   0.05222   0.02155    0.1497        25       640     0.832    0.2045    0.1853   0.04093   0.07139   0.05548   0.04071   0.01086
      1/19     6.93G   0.05783     0.042  0.009856    0.1097         4       640    0.6737    0.3964    0.4488    0.2072    0.2283   0.04316   0.03719  0.007461
      2/19     7.47G   0.05362   0.03932  0.007887    0.1008        22       640     0.616     0.483    0.4619     0.212    0.2317   0.04169   0.03728  0.006732
      3/19     7.55G   0.04805   0.03806  0.006758   0.09287        17       640    0.6772    0.4843    0.5228     0.261    0.2734   0.03966   0.03558  0.005526
      4/19     7.55G   0.04365   0.03698  0.005543   0.08617        48       640    0.6162    0.6634     0.676    0.3541    0.3673   0.03733   0.03453  0.004292
      5/19     7.55G   0.04155   0.03557  0.004853   0.08197        15       640    0.7973    0.6069     0.692    0.3707    0.3706   0.03636   0.03411  0.004006
      6/19     7.55G   0.03954    0.0349  0.004326   0.07876        14       640    0.7732    0.6794    0.7209    0.4223    0.4099   0.03512    0.0338  0.003677
      7/19     7.55G    0.0386   0.03397  0.003891   0.07646         7       640    0.8535    0.6733    0.7603    0.4032    0.4158   0.03441   0.03358  0.003312
      8/19     7.55G   0.03752   0.03331  0.003538   0.07437        42       640    0.8134    0.6714    0.7404    0.4367    0.4271    0.0339   0.03325  0.003122
      9/19     7.55G   0.03641   0.03264   0.00323   0.07227         9       640    0.8368    0.7172    0.7739    0.4803    0.4607   0.03344   0.03267  0.002916
     10/19     7.55G   0.03524   0.03191  0.002946    0.0701        29       640    0.7954    0.7271    0.7814    0.4752    0.4599   0.03322   0.03239  0.002725
     11/19     7.55G   0.03452   0.03161  0.002772   0.06891        32       640    0.8295    0.7419    0.8076    0.4917    0.4769   0.03363   0.03301  0.002682
     12/19     7.55G   0.03373   0.03117  0.002664   0.06756        14       640    0.8577    0.7474    0.8188     0.507    0.4965    0.0326   0.03241  0.002559
     13/19     7.55G   0.03308   0.03103  0.002444   0.06655        14       640     0.829    0.7561    0.8004    0.4739    0.4708   0.03237   0.03276   0.00245
     14/19     7.55G   0.03267   0.03065  0.002277    0.0656        24       640    0.8513     0.786    0.8404     0.544    0.5231   0.03214   0.03249  0.002422
     15/19     7.55G   0.03191   0.02973  0.002185   0.06382        27       640    0.8785    0.7575    0.8433     0.543    0.5266   0.03173   0.03215  0.002418
     16/19     7.55G    0.0317   0.02954  0.002095   0.06334        38       640    0.8967     0.767    0.8467    0.5386    0.5285   0.03184   0.03219   0.00232
     17/19     7.55G   0.03113   0.02869  0.002021   0.06184        23       640    0.8851    0.7724    0.8554    0.5537    0.5404   0.03145   0.03229  0.002242
     18/19     7.55G   0.03062   0.02856   0.00188   0.06105         9       640    0.8722    0.7915    0.8595    0.5653    0.5435   0.03134   0.03212  0.002183
     19/19     7.55G   0.03042   0.02894  0.001851   0.06121         4       640    0.8778    0.7844    0.8585    0.5677    0.5454   0.03127   0.03223  0.002205
