      0/29     6.38G    0.1016   0.06812   0.03457    0.2043        50       640    0.8625   0.03294   0.01508  0.001011  0.003435   0.08759   0.06043   0.03032
      1/29     6.91G   0.08161   0.05863   0.01808    0.1583        12       640    0.7958    0.1108   0.09235  0.008495    0.0278   0.06942   0.05441   0.01462
      2/29      7.4G   0.07191   0.05268   0.01362    0.1382        57       640    0.8362    0.1578    0.1586    0.0284   0.05481   0.06271   0.04967   0.01128
      3/29     7.44G   0.06296   0.04877    0.0113     0.123        51       640     0.574    0.2572    0.2401   0.05797   0.09604   0.05469   0.04685  0.009479
      4/29     7.49G   0.05712   0.04638  0.009337    0.1128        40       640    0.5719    0.3189    0.3279   0.08586     0.137   0.05095   0.04332  0.007472
      5/29     7.49G   0.05363   0.04438   0.00823    0.1062        55       640    0.6366     0.348    0.3695    0.1392    0.1696   0.04769   0.04306  0.006854
      6/29     7.49G   0.05087   0.04293  0.007508    0.1013        28       640    0.7009    0.3865    0.4191    0.1878    0.2086   0.04521     0.041  0.006288
      7/29     7.49G   0.04928   0.04151    0.0068   0.09759        83       640    0.6504    0.4385     0.425     0.166    0.1969   0.04414    0.0397  0.005743
      8/29     7.49G   0.04782   0.04081   0.00646    0.0951        17       640     0.713     0.442    0.4756    0.2219    0.2361   0.04255   0.03898  0.005467
      9/29     7.49G   0.04608   0.03963  0.005906   0.09161        46       640    0.7059    0.4507    0.4678     0.194    0.2266    0.0429   0.03861  0.005209
     10/29     2.53G   0.04636   0.04039  0.006193   0.09294        25       640    0.6966    0.4279     0.464    0.1833    0.2192   0.04315   0.03941  0.005139
     11/29     6.92G   0.04577   0.04064  0.005704   0.09212         4       640    0.6862    0.4883    0.5225    0.2061    0.2491   0.04152    0.0383   0.00513
     12/29     7.47G   0.04447    0.0392  0.005421   0.08909        22       640    0.6955    0.5033    0.5434    0.2563    0.2786   0.04035   0.03773  0.004744
     13/29     7.47G   0.04362   0.03838  0.005147   0.08715        17       640    0.7014    0.4851    0.5239    0.2379    0.2666   0.04103     0.038    0.0046
     14/29     7.49G   0.04261   0.03831  0.004921   0.08583        48       640    0.7161    0.4547    0.5214    0.2511     0.271   0.04147   0.04008  0.005277
     15/29     7.49G   0.04208   0.03752  0.004801   0.08441        15       640    0.7343    0.5057    0.5782    0.2821    0.3076   0.03913   0.03681  0.004003
     16/29     7.49G   0.04146   0.03718  0.004656    0.0833        14       640    0.6672    0.5872    0.6222    0.3208    0.3305   0.03878    0.0367  0.003921
     17/29     7.49G   0.04076   0.03656  0.004281    0.0816         7       640    0.7109    0.5767    0.6204    0.3123    0.3327   0.03819   0.03642  0.003812
     18/29     7.56G   0.04032   0.03615  0.004253   0.08072        42       640    0.7536    0.5855    0.6529    0.3443     0.355   0.03815   0.03608  0.003625
     19/29     7.56G   0.03951   0.03553  0.003858    0.0789         9       640    0.7361    0.6155    0.6626    0.3538    0.3673    0.0377   0.03584  0.003696
     20/29     7.56G   0.03899   0.03516  0.003763   0.07791        29       640    0.7635    0.6075    0.6721    0.3704    0.3735   0.03769   0.03585  0.003455
     21/29     7.56G   0.03846   0.03506  0.003622   0.07714        32       640    0.7852    0.6128    0.6832    0.3811     0.389    0.0372   0.03543  0.003369
     22/29     7.56G   0.03803   0.03484  0.003491   0.07637        14       640    0.8231    0.6124    0.6947    0.3906    0.3924   0.03723   0.03532  0.003243
     23/29     7.56G   0.03773   0.03489  0.003341   0.07595        14       640    0.7813    0.6275    0.6887    0.3786      0.39   0.03703   0.03552   0.00322
     24/29     7.56G   0.03749   0.03469  0.003247   0.07543        24       640      0.82    0.6385    0.7139    0.3862    0.3986   0.03668   0.03515  0.003182
     25/29     7.56G   0.03702   0.03389   0.00322   0.07412        27       640    0.8147    0.6377    0.7083    0.3901    0.3945   0.03666   0.03512  0.003095
     26/29     7.56G   0.03701   0.03382  0.003118   0.07395        38       640    0.7939    0.6634    0.7239    0.4122    0.4125   0.03632   0.03477  0.003034
     27/29     7.56G   0.03659   0.03297  0.002988   0.07255        23       640    0.8108    0.6505    0.7272    0.4098    0.4171   0.03627   0.03486  0.002965
     28/29     7.56G   0.03615   0.03302  0.002872   0.07204         9       640    0.8015    0.6654    0.7352    0.4011    0.4164   0.03635   0.03489  0.002957
     29/29     7.56G   0.03614   0.03348  0.002835   0.07246         4       640    0.8152    0.6516    0.7287    0.4144    0.4161   0.03621   0.03477  0.002916
